10001519
10002724
10009244
10009358
10009568
10009633
10009876
10010675
10011875
10012841
10013723
10014138
10014255
10014363
10014498
13985111
13985596
13985707
13985836
13991136
14006858
14015430
14024041
14029132
14030049
14034103
14041015
14051152
14051813
14053882
14062060
14065870
14073527
14088723
14092647
14098113
14111679
14113059
14113925
14115357
14126508
14131363
14138192
14138302
14147196
14154170
14187307
14196433
14203299
14204514
14209326
14212541
13918433
13918472
13918570
13918609
13918651
13918695
13918802
13919434
13924056
13926861
13927097
13927222
13927352
13930721
13950033
13952454
13952561
13984655
13984813
10014581
10047311
10056948
10060844
10083288
10092946
10123275
10143803
10152761
10155289
10179141
10192599
10200293
10206428
14234019
14234071
14234916
14236107
14236264
14236346
14236478
14236667
14236933
14236965
14239266
14245842
14246664
14251911
14252037
14252084
14252180
14257428
14258210
14267411
14270478
14276127
14278867
14287795
14288304
14294792
14296327
14296559
14296631
14302846
14303479
14313341
14313454
14313539
14313593
14313685
14316384
14320709
14321671
14321866
14324193
14324277
14327103
14335909
18104473
18105055
18105543
18106542
18108546
18108584
18108631
18108717
18108743
18108814
18108860
18108946
18108984
18109123
18109129
18110307
18110492
18111570
18113179
18113501
18114460
18114524
18114563
18114619
18114711
18114889
18115265
18116199
18116681
18116879
18117335
18117676
18117859
18118006
18118122
18118144
18118324
18118381
18118487
18118534
18118587
18118642
18119956
18120294
18120782
18122661
18122869
18123370
18123706
18124312
18126061
18126537
18126650
18126689
18126823
18126853
18127318
18130696
18130701
18132022
18133678
18133849
18133898
18133969
18134195
18135113
18135638
18135977
18136194
18136911
18139624
18142426
18145262
18146603
18147132
18149005
18151761
18151958
18152193
18152228
18154527
18155146
18155256
18155261
18156949
18158698
18159014
18160289
18164703
18165274
18166280
18167124
18167559
18167850
18168524
18169994
18170445
18173902
18177471
18177490
18177984
18178469
18179301
18179730
18180277
18180395
18180979
18181076
18181125
18182534
18183008
18183030
18183180
18184055
18184105
18184905
18184969
18185289
18186017
18186275
18187023
18187127
18187937
18188038
18188098
18189451
18189698
18189939
18189974
18190888
18191784
18192485
18194297
18197965
18199884
18199954
18200596
18200620
18201028
18201649
18201932
18203801
18205900
18206212
18207335
18208559
18208576
18208978
18211155
18211533
18211794
18212023
18213544
18214022
18214248
18216525
18217862
18218965
18219097
18219219
18219917
18219931
18222516
18223079
18223720
18225459
18225979
18226706
18227961
18228424
18229322
18229773
18229904
18230179
18230208
18230623
18231598
18231929
18232238
18232891
18233161
18233945
18234110
18234362
18235299
18235677
18236264
18238059
18239297
18239373
18245162
18245166
18245470
18245674
18246570
18246759
18246939
18247023
18247078
18247607
18247954
18249100
18250740
18254093
18254241
18254630
18254742
18254993
18257192
18257318
18257853
18261245
18261282
18263955
18264437
18265263
18266494
18267510
18267600
18267782
18268322
18269285
18269736
18271653
18271669
18273014
18276136
18276406
18276615
18277367
18278018
18278402
18278408
18279018
18279654
18281530
18282522
18282556
18283495
18284319
18284626
18285097
18285485
18287978
18288213
18288592
18290918
18293210
18293492
18294824
18295075
18295336
18298340
18299829
18300241
18301438
18301512
18301928
18302290
18303642
18304330
18304871
18305230
18306868
18308367
18308811
18309551
18311120
18312193
18312203
18312467
18312473
18315308
18316069
18316329
18317072
18317226
18317282
18317920
18318209
18318464
18318918
18320715
18321800
18323586
18325705
18326618
18327103
18327333
18327545
18327774
18327997
18330606
18332843
18333639
18333986
18334458
18337954
18339090
18339114
18340147
18341353
18344407
18345781
18347028
18347611
18348269
18348545
18349726
18350687
18352377
18352876
18354179
18355904
18355979
18358365
18358435
18358798
18359652
18360368
18361314
18363591
18363912
18364049
18364447
18365295
18365433
18366770
18368523
18369821
18369871
18370224
18370801
18371025
18371042
18371495
18371659
18371935
18373444
18374722
18375810
18375832
18376011
18376190
18376534
18377133
18377173
18381276
18381408
18381902
18385597
18386576
18388130
18388169
18388453
18389950
18392268
18392816
18393266
18393347
18395192
18395440
18396746
18399463
18400069
18401531
18402285
18402702
18403020
18403141
18403659
18404960
18405261
18405835
18406784
18409577
18409851
18410053
18410224
18410870
18411436
18411845
18411889
18411930
18415200
18415239
18415574
18415721
18417181
18417238
18417242
18417553
18419933
18420969
18422204
18423020
18424140
18074239
18074864
18076405
18077727
18080648
18082294
18082399
18082428
18082667
18083868
18085955
18086143
18086849
18216203
18236469
18250772
18266549
18281500
18296914
18310377
18323331
18337649
18352370
18366153
18375096
18388295
18403363
18413430
18427455
18428428
18428438
18429848
18430660
18433650
18434511
18434580
18434623
18434795
18436875
18437168
18437308
18437714
18438745
18438903
18441085
18442053
18442855
18442990
18443694
18445807
18445938
18446023
18446082
18446422
18446423
18446647
18446703
18446736
18446757
18447622
18449719
18451385
18452330
18452942
18453210
18453355
18455045
18456181
18456877
18458480
18459040
18461265
18461674
18462047
18462120
18462657
18463533
18466281
18466345
18466357
18466396
18466468
18466549
18466564
18466582
18466629
18466647
18466694
18466727
18467012
18467616
18468059
18468596
18469379
18469553
18470520
18470542
18470634
18471180
18471513
18472656
18473113
18473159
18474538
18475793
18478352
18478998
18479185
13686937
13686980
13686981
13688072
13707603
13707728
13707934
13708130
13708131
13708189
13708190
13708298
13708355
13708920
13713678
13720030
13726088
18480577
18481141
18481509
18483151
18484701
18485202
18485945
18486608
18486744
18488260
18489335
18490049
18491483
18491553
18491575
18493431
18493712
18494834
18495220
18495538
18496116
18496423
18496822
18497034
18499158
18499630
18500529
18500641
18501232
18503103
18506248
18507263
18509869
18510153
18512356
18513785
18514761
18515577
18516036
18516194
18516857
18517168
18517239
18517412
18518636
18520194
18520700
18520737
18520877
18521022
18521522
18522086
18522904
18523282
18524204
18525610
18527711
18529414
18529979
18530773
18531054
18532649
18532732
18534108
18534284
18536209
18536828
18537484
18537963
18541108
18542304
18543153
18546794
18547624
18548023
18549034
18551139
18551340
18553498
18555958
18556075
18556317
18556540
18556957
18557240
18557434
18557898
18558611
18559215
18559856
18560050
18560688
18561342
18562286
18562566
18563166
18563777
18565217
18565601
18565687
18565750
18565864
18565947
18566482
18566986
18567919
18569024
18569147
18569296
18569399
18570386
18570599
18570712
18570778
18570934
18571103
18571848
18572094
18572602
18572820
18573000
18573052
18573495
18574267
18574424
18574488
18574524
18574581
18574623
18575113
18575530
18575740
18575914
18575969
18576174
18576481
18576670
18576811
18576921
18577105
18577186
18577379
18577435
18577712
18577813
18578951
18579214
18581471
18583356
18584821
18584997
18586393
18587191
18587224
18587241
18587912
18588027
18588095
18588216
18589424
18589723
18589987
18590414
18591231
18591338
18592126
18593162
18593920
18594620
18594788
18595530
18595667
18595877
18596478
18597137
18597196
18599028
18599637
18601283
18601558
18602491
18603513
18604225
18604598
18604746
18604936
18605001
18605316
18607139
18607494
18607622
18608310
18608532
18608725
18608762
18609271
18609301
18609356
18609405
18610344
18611138
18611170
18611571
18611659
18612303
18612411
18612460
18612967
18613031
18613203
18614290
18616404
18616461
18617022
18617358
18618605
18438095
18449555
18466250
18468018
18479913
18491602
18504766
18520599
18536322
18551030
18562799
18574863
18581091
18590394
18601766
18619183
18620371
18620588
18620835
18620992
18621050
18621272
18622428
18624015
18624190
18624241
18624862
18625504
18625638
18626702
7591829
7618706
7655198
7719060
7748624
7768509
7826862
7829606
7845591
7866303
7982657
8017769
8055078
8118719
8138865
8308380
8404356
8460773
8481992
Kaisa_18089939
Kaisa_18089948
Kaisa_18089951
Kaisa_18089953
Kaisa_18089960
Kaisa_18089964
Kaisa_18089971
Kaisa_18089973
Kaisa_18089977
Kaisa_18089981
Kaisa_18089986
Kaisa_18089989
Kaisa_18089991
Kaisa_18089996
Kaisa_18089997
Kaisa_18089998
Kaisa_18090094
Kaisa_18090100
Kaisa_18090105
Kaisa_18090108
Kaisa_18090113
Kaisa_18090120
Kaisa_18090121
Kaisa_18090129
Kaisa_18090130
Kaisa_18218977
Kaisa_18218984
Kaisa_18218990
Kaisa_18218995
Kaisa_18219001
Kaisa_18219002
Kaisa_18219004
Kaisa_18219005
Kaisa_18219008
Kaisa_18219011
Kaisa_18219013
Kaisa_18219021
Kaisa_18219022
Kaisa_18219023
Kaisa_18219025
Kaisa_18219088
Kaisa_18090137
Kaisa_18090141
Kaisa_18090145
Kaisa_18090157
Kaisa_18090161
Kaisa_18090164
Kaisa_18100231
Kaisa_18100235
Kaisa_18100244
Kaisa_18190888
Kaisa_18190891
Kaisa_18190896
Kaisa_18190905
Kaisa_18190910
Kaisa_18190911
Kaisa_18190916
Kaisa_18190928
Kaisa_18190939
Kaisa_18190941
Kaisa_18190942
Kaisa_18190944
Kaisa_18190947
Kaisa_18074505
Kaisa_18074671
Kaisa_18074674
Kaisa_18074684
Kaisa_18074700
Kaisa_18074712
Kaisa_18074728
Kaisa_18074739
Kaisa_18074756
Kaisa_18074759
Kaisa_18074764
Kaisa_18074794
Kaisa_18074823
Kaisa_18074838
Kaisa_18074852
Kaisa_18074864
11501920
11505011
11522468
11523485
11523989
11539336
11544151
11546999
11551087
11555031
11555182
11555355
11555357
10014665
10014941
10015195
10015265
10024671
10036745
10044896
10045017
10045873
10045898
10046573
10046676
10046758
10046922
10047388
10047424
10047528
10047907
10047994
10048014
10055222
10055269
10055722
10056009
10056113
10056318
10056481
10057039
10057997
10059542
10059635
10059895
10059985
10060177
10060451
10060527
10060679
10060680
10061837
10061949
10062000
10072108
10072210
10072345
10072601
10073115
10073702
10074006
10074794
10074805
10083494
10083566
10083930
10084105
10084501
10084631
10084946
10085380
10086099
10087188
10087638
10088018
10088470
10088611
10094249
10099028
10099290
10099721
10100173
10106821
10106935
10107037
10107301
10108119
10108250
10108467
10108704
10108893
10109040
10109150
10111749
10111865
10112171
10112403
10112573
10112750
10113657
10115226
10115652
10121790
10123007
10127306
10129031
10130421
10130502
10130857
10131129
10131218
10133016
10133165
10133386
10133517
10142744
10143104
10144947
10146298
10146548
10146786
10147733
10148132
10148966
10149613
10149890
10150382
10151130
10151468
10151814
10152184
10152516
10153472
10153861
10153965
10154316
10154556
10154617
10154730
10154761
10154804
10154879
10154944
10155065
10155185
10159818
10163862
10164222
10164382
10165029
10165635
10165680
10165730
10165785
10165900
10166413
10167730
10168092
10169305
10170247
10170611
10171014
10171106
10173451
10173757
10173831
10174112
10175870
10175964
10178675
10178976
10179106
10179275
10179328
10179464
10179477
10179654
10180058
10180209
10180334
10180771
10180868
10181138
10181386
10181424
10185335
10192752
10193158
10193410
10193529
10193654
10193924
10194067
10194135
10194204
10194660
10195155
10196091
10196538
10197677
10199986
10200340
10200495
10200628
10200697
10201872
10202927
10202936
10205519
10205720
10205859
10206089
10206177
10206268
10206283
13984934
14219259
14243664
14337468
14378760
14456722
14495612
14546188
14604326
14654012
14713049
14814171
10256648
11079155
13918389
15552364
17471590
17766040
18033472
18201550
18424362
18609458
18778286
18952353
19133066
19378504
19595160
9511748
10206843
10206881
10206979
10208775
10210014
10211514
10221214
10222415
10222628
10225300
10225938
10235842
10236647
10240061
10256545
10256582
10256881
10257008
10257255
10260391
10260478
10263657
10268755
10269794
10269837
10273389
10273492
10274517
10276316
10277003
10277059
10282654
10285492
10285499
10287750
10290115
10290281
10290609
10290961
10292181
10293393
10297155
10298886
10302835
10303348
10303456
10303605
10304298
10304605
10304792
10308260
10308740
10315654
10318877
10339126
10341259
10344862
10351729
10357186
10360386
10360578
10362478
10363180
10369569
10371346
10372555
10375711
10393904
10395318
10402726
10403353
10406664
10407270
10409771
10422485
10427819
10432546
10455041
10457815
10457857
10457982
10457999
10458039
10461570
10463535
10463618
10465526
10469619
10472331
10494908
10520303
10530084
10544239
10559560
10568965
10570462
10572314
10572722
10572828
10577351
10591168
10592275
10597048
10608485
10618228
10618335
10621073
10622156
10642291
10650680
10654818
10669500
10670082
10682772
10698937
10703949
10717438
10728754
10739582
10739608
10743502
10749749
10753097
10766511
10769125
10769181
10776409
10794495
10794674
10794890
10794891
10795053
10800769
10801561
10802032
10812451
10815807
10818214
10819473
10820267
10821019
10823672
10844816
10851109
10851241
10864244
10886018
10901700
10904757
10905621
10905925
10910436
10910893
10913401
10913652
10913952
10914454
10916808
10918377
10922854
10923027
10928434
10928438
10942447
10949742
10950746
10953688
10953729
10953778
10953838
10954901
10957200
10969844
10976646
10976819
10976972
10977217
10979587
10981586
10983231
10991442
10992647
10997257
11007794
11008476
11010120
11019770
11031924
11034734
11062188
11063237
11064606
11065427
11067927
11069138
11075367
11075458
11075573
11075791
11075846
11075896
11075935
11076023
11076114
11076151
11076203
11076266
11076327
11076359
11076462
11076527
11076595
11076686
11076759
11076812
11076870
11076905
11076942
11077086
11077171
11077203
11077348
11077390
11077438
11077480
11077756
11077785
11077907
11077957
11078012
11078129
11078207
11078263
11078285
10304765
10362360
10475173
10572238
10820417
10913078
10953712
10992094
11060057
11077012
11078307
11078343
11078423
11078527
11078606
11078654
11078707
11078740
11078823
11078861
11078905
11079036
11079072
11079109
11079195
11079348
11079783
11079944
11079976
11080013
11080037
11080207
11080240
11080554
11080614
11080743
11080771
11080805
11080849
11080899
11080943
11081007
11081050
11081095
11081136
11081168
11082233
11087890
11092848
11101127
11105004
11107295
11108441
11109638
11111913
11116422
11117440
11118026
11119368
11123676
11125175
11130636
11130681
11130682
11135826
11143527
11143802
11167139
11177501
11181837
11206111
11206867
11207110
11212329
11220942
11222206
11222743
11224241
11232011
11233094
11233401
11234179
11234391
11249549
11262739
11262824
11263673
11264922
11265572
11265904
11270233
11274920
11289411
11294927
11298155
11298538
11299534
11301120
11304753
11312107
11315382
11315695
11322930
11323631
11325119
11332055
11333178
11335288
11335951
11341135
11344212
11350597
11353125
11359343
11376534
11378648
11381672
11381781
11388674
11396948
11398066
11404156
11418414
11418764
11427587
11442009
11449449
11450155
11467744
11468180
11469104
11469324
11476815
11484045
11485385
11486354
11556496
11557034
11557099
11557100
11557103
11557224
11557308
11576357
11577032
11592529
11593049
11593476
11595780
11606226
11606405
11606459
11609286
11617966
11635255
11653764
11666628
11666712
11669169
11673738
11682976
11692950
11700699
11701238
11707024
11719696
11720949
11731521
11737047
11737712
11740986
11747298
11761806
11763053
11766584
11766624
11769612
11770360
11780846
11785279
11786825
11800409
11804401
11814125
11832791
11838692
11840562
11865074
11870420
11880446
11883760
11904570
11915506
11918031
11918878
11924185
11932718
11938763
11948760
11959614
11963668
11981440
11982401
11982577
11992424
12010904
12017916
12020139
12034065
12034552
12035295
12036814
12036855
12037278
12040111
12049814
12050866
12064050
12066231
12071591
12076808
12077525
12103359
12104704
12106238
12106741
12108243
12109815
12111021
12117060
12131497
12132312
11085187
11120423
11205698
11315338
11351464
11388987
11489562
11555713
11599539
11766752
11878329
11957714
12040809
12162962
12170406
12172168
12176088
12180649
12188551
12204631
12204706
12205055
12206414
12207223
12210845
12213011
12213078
12214123
12215290
12216866
12218873
12232955
12248655
12249098
12249581
12251225
12255886
12260109
12260617
12262031
12263585
12268784
12272142
12273999
12275409
12275817
12276147
12278628
12283567
12284393
12296419
12297368
12298032
12304898
12305841
12306213
12306946
12308219
12308490
12324588
12326816
12332247
12336456
12338008
12341252
12350244
12356119
12359491
12361728
12366208
12366401
12367166
12370735
12381002
12389243
12389513
12395833
12396326
12404485
12405300
12407231
12409420
12411521
12416472
12421516
12434800
12438312
12442088
12461355
12466491
12468023
12468025
12473244
12475323
12475998
12476137
12487266
12488949
12489823
12491599
12491600
12493149
12496659
12496671
12515310
12522340
12547710
12568442
12580928
12588133
12590165
12593279
12600691
12600832
12604136
12618165
12621755
12622000
12623939
12625157
12634416
12640549
12641610
12641915
12641979
12643568
12646095
12654078
12654691
12657768
12662228
12665521
12665593
12666374
12666484
12666519
12666836
12666848
12666906
12666998
12670700
12673627
12684977
12687237
12688458
12693556
12695651
12697154
12697702
12701420
12701845
12703709
12714799
12716962
12720338
12727788
12730340
12730968
12735985
12737607
12737858
12739776
12742079
12742159
12747518
12752831
12758377
12778268
12783954
12790495
12794577
12808710
12823621
12824095
12825026
12825392
12826154
12827146
12829845
12832234
12838076
12838257
12845717
12846077
12847165
12849207
12849421
12851814
12852723
12852927
12855733
12856264
12856713
12862235
12866117
12867870
12868382
12869677
12876711
12876993
12881080
12881177
12881446
12883103
12891155
12892223
12897871
12898105
12901079
12905710
12913875
12919036
12923254
12925285
12926075
12926840
12931885
12935731
12938101
12941204
12943874
12944254
12944293
12944464
12956806
12956860
12956913
12957515
12957591
12959411
12959783
12994949
13002579
13006023
13006588
13007551
13011236
13021032
13030327
13032152
13033111
13034291
13038641
13041734
13044666
12205580
12259391
12339323
12403000
12497866
12615586
12665327
12852393
12881124
12931990
12974724
13047994
13059203
13065140
13075322
13084368
13086681
13090541
13092921
13094910
13095059
13095160
13095301
13095754
13095846
13095910
13095959
13096327
13096422
13096661
13096717
13096909
13096939
13097651
13098513
13098623
13101283
13111941
13112419
13124270
13136981
13137336
13144807
13159599
13161552
13161608
13161678
13161717
13161757
13176592
13187111
13187779
13195279
13201698
13209764
13216451
13218000
13218223
13218711
13223794
13225006
13227555
13260405
13269790
13273649
13273789
13274510
13291511
13306663
13309523
13312269
13320740
13322744
13334648
13337710
13341251
13344874
13345171
13345421
13345610
13345736
13351071
13351395
13351531
13351617
13351730
13351837
13351912
13352007
13353078
13353229
13353302
13353573
13354670
13355100
13358065
13359289
13360503
13363891
13364772
13365311
13365468
13365749
13369610
13371416
13372003
13374575
13377344
13377501
13377564
13387942
13390361
13391801
13391924
13418303
13452224
13455491
13455921
13456090
13456419
13456995
13458815
13458845
13459081
13486918
13487251
13492535
13495414
13522968
13526499
13527153
13528149
13531014
13531665
13546629
13547410
13557896
13575414
13578554
13595065
13605343
13605721
13614213
13616210
13619839
13620153
13620246
13620457
13622335
13638266
13639376
13640595
13640672
13644126
13645362
13650535
13653472
13657167
13658360
13658640
13668273
13669226
13681009
13681154
13681183
13681255
13681288
13681344
13681639
13681677
13681751
13683506
13684155
13684500
13684896
13685044
13685165
13685167
13685361
13686242
13686581
13741904
13742379
13742448
13742556
13742558
13742561
13742599
13742601
13742665
13742667
13742781
13743254
13755458
13755508
13755536
13755554
13755580
13755630
13760124
13767203
13768762
13772601
13773792
13774967
13777344
13779601
13780046
13796832
13798662
13800147
13801304
13802358
13808315
13812238
13826315
13827833
13828024
13828622
13828793
13828905
13828956
13829475
13829906
13830071
13830138
13839552
13839665
13839758
13839793
13839873
13839947
13839953
13841079
13844515
13844584
13844747
13845118
13845281
13845426
13845535
13845610
13852460
13852700
13856946
13858092
13869831
13876906
13877105
13877162
13877290
13877381
13878646
13889309
13908214
13913119
13918348
13095341
13098602
13161758
13254904
13340277
13352903
13374297
13456575
13552768
13617323
13686669
13755528
13788004
13829678
13844649
16971527
16977810
16983149
16987518
16997526
16998095
16998452
17001869
17002707
17017019
17022899
17039059
17040655
17042033
17045410
14338847
14341293
14342960
14343968
14344112
14344220
14345459
14350724
14352584
14356927
14357211
14357403
14357885
14359263
14362901
14378980
14379060
14379213
14379861
14382245
14398436
14398828
14398871
14399007
14400340
14401249
14405319
14409750
14413734
14422858
14423426
14425510
14428185
14428329
14431961
14435025
14436882
14437211
14437380
14438006
14440435
14440523
14451147
14452077
14456422
14456956
14457367
14461719
14462274
14463476
14464588
14467192
14472356
14472683
14473006
14473486
14473608
14474254
14478209
14479170
14480914
14483974
14485217
14490498
14491324
14493527
14493672
14493752
14493905
14494310
14494399
14494493
14494664
14494744
14495430
14495848
14496022
14499056
14500040
14500707
14507854
14512498
14513283
14513284
14513452
14522553
14533662
14539678
14539833
14540024
14551136
14552589
14558204
14560812
14567110
14567187
14567228
14569077
14569361
14584324
14587598
14587925
14588248
14588416
14601703
14605734
14606982
14607321
14607643
14608014
14608600
14613343
14613397
14616224
14620888
14621082
14624279
14624557
14629821
14630058
14647039
14653954
14673812
14673938
14684917
14692111
14693818
14697902
14699196
14705396
14706539
14706706
14707490
14707762
14708751
14715965
1471661
14726021
14747048
14747810
14752077
14752950
14759664
14772945
14777269
14778208
14790566
14791906
14792679
14792716
14797961
14802839
14803225
14814776
14818287
14819366
14826684
14836503
14856604
14868711
14871988
14872548
14874018
14884595
14885394
14886745
14909244
14917497
14923265
14926047
14928236
14928443
14933973
14938059
14941648
14942026
14969588
14973432
14979315
14980635
14987547
14993186
14993516
15011667
15012342
15019518
15020761
15024481
15027683
15027896
15028088
15028660
15028974
15029376
15034696
15038279
15049946
15054060
15054407
15055692
15058767
15059003
15061978
15062287
15065394
15075115
15077508
15078023
15078224
15080980
15084259
15087767
15087916
15095626
15096602
15098308
15098393
15098558
15098843
15104807
15104810
15105817
15107429
15107618
15108909
15109093
15116779
15122050
15122265
15128852
15129045
15132980
15133854
15135484
15138298
15138776
15139653
15142026
15142222
15148201
15148207
15148350
15165617
15165851
15167567
15169260
15177177
15180526
15181281
15182322
15185150
15185926
15186202
15191687
15192146
15193131
15193494
15046647
15087557
15121810
15151557
15197633
15231867
15263370
15278271
15313690
15356436
15410330
15418306
15461423
15199981
15201434
15203120
15207877
15207984
15209217
15214379
15214665
15217443
15219693
15223583
15225762
15226269
15231312
15233229
15233432
15233680
15233896
15240434
15240717
15242602
15242666
15242839
15243115
15243714
15246907
15252964
15254453
15257216
15261514
15264214
15265675
15265772
15269258
15269359
15269407
15269492
15269606
15269930
15270008
15270269
15272258
15276781
15277284
15278025
15278883
15279132
15287845
15289395
15294200
15294604
15297906
15301239
15302058
15305510
15305619
15309483
15309714
15311617
15312744
15313566
15320311
15328856
15338283
15338545
15341111
15341808
15342337
15350640
15351013
15354427
15354429
15355207
15358573
15359136
15360347
15365721
15371299
15371523
15371596
15380108
15380212
15382205
15384623
15386135
15387475
15395627
15398328
15400185
15401012
15403733
15405701
15405952
15408067
15408556
15408755
15409282
15409627
15410047
15410093
15410571
15410755
15410906
15411142
15412679
15412833
15413613
15413790
15414490
15415482
15416694
15416827
15417111
15417350
15429878
15429969
15430063
15430152
15430291
15430301
15431921
15437512
15443309
15443534
15444466
15446808
15448237
15455606
15456483
15458144
15459532
15461917
15462115
15462198
15463156
15464079
15466942
15471095
15474457
15475735
15485993
15490449
15493802
15498692
15498949
15499337
15499874
15501074
15505072
15532053
15533270
15533800
15538845
15542215
15542328
15542381
15546989
15552424
15560281
15560436
15563098
15563238
15570634
15573087
15574664
15576975
15579492
15588342
15593540
15595412
15596596
15613275
15613407
15627935
15628345
15631077
15643991
15649476
15652154
15658926
15673223
15680651
15683917
15685854
15696540
15697079
15716053
15724666
15731498
15731648
15731831
15744654
15760084
15772552
15773526
15778270
15792317
15801065
15803793
15806926
15807275
15830452
15836894
15841579
15923625
15943118
15946235
15947655
15947706
15949648
15973464
15977434
15998753
16007410
16010398
16011068
16011306
16011961
16035274
16035788
16042533
16042638
16054622
16059017
16075683
16094890
16100157
16100656
16104863
16117200
16130864
16133746
16137754
16143202
16157420
16163548
16173589
16226049
16229916
16231746
15721016
15981961
16075662
16235814
16365121
16434756
16492894
16624047
16706813
16809465
17048530
17113789
17148624
16245081
16269756
16276018
16278371
16292357
16323226
16323559
16330183
16334088
16335688
16338395
16346021
16352229
16365980
16366510
16368478
16369201
16385147
16385437
16387016
16401829
16403244
16403355
16403646
16404037
16406477
16427541
16434769
16434845
16453739
16458429
16467685
16470235
16471834
16479110
16479970
16480036
16483917
16484903
16487065
16487116
16487651
16500182
16500765
16502562
16504271
16511705
16518794
16529289
16540229
16559800
16571522
16591115
16614076
16620606
16627211
16633771
16638922
16648284
16651245
16663651
16687702
16700497
16702593
16702711
16710642
16715856
16724351
16736334
16736497
16743902
16744454
16744466
16753379
16759519
16759721
16760296
16767895
16794551
16803872
16804726
16827827
16834949
16840501
16842309
16855087
16856517
16857318
16872749
16874685
16901122
16904603
16918395
16920198
16924926
16925080
16933399
16935794
16935977
16936831
16940699
16940986
16941588
16946266
16953012
16953936
16954072
17049749
17058606
17059669
17063576
17065084
17071024
17071229
17079404
17081557
17083368
17085896
17088876
17090829
17111565
17117673
17117720
17117760
17117778
17117937
17118012
17118698
17118806
17139647
17141980
17144031
17147890
17148020
17148073
17151558
17152369
17153060
17155745
17157281
17157707
17159080
17160616
17167727
17170805
17171272
17171500
17172617
17174138
17174185
17175388
17176281
17177753
17177804
17178291
17183053
17184771
17185409
17186062
17186612
17187570
17189958
17190912
17192123
17194027
17194757
17195791
17196340
17196914
17199144
17200184
17203700
17207718
17212745
17215679
17216913
17216914
17216957
17217347
17217453
17218065
17218695
17218730
17219790
17220189
17220610
17226925
17227839
17229659
17229912
17230182
17230378
17231132
17233607
17233779
17235078
17236372
17237227
17238071
17239586
17240885
17244953
17245299
17247260
17247643
17250732
17251976
17252502
17252590
17252595
17252680
17254656
17255646
17260937
17261512
17262700
17265921
17267450
17269583
17270143
17271944
17272281
17272299
17273569
17273787
17279184
17280905
17281813
17282602
17284029
17286640
17290742
17291389
17291480
17294589
17294715
17294827
17296277
17297550
17298667
17299629
17187563
17204102
17219791
17239387
17252951
17321937
17334578
17370161
17447490
17457690
17300658
17303103
17303948
17304756
17305483
17307942
17310382
17311296
17315383
17315780
17316196
17317988
17320953
17322014
17322074
17322173
17322274
17323062
17323717
17325444
17325647
17325837
17325877
17327925
17329193
17333045
17333783
17335174
17339323
17346453
17348833
17349832
17352863
17356350
17356461
17356556
17356714
17356802
17356923
17357064
17357070
17357147
17357297
17357352
17359101
17361155
17361196
17361257
17361488
17361588
17364204
17365758
17365787
17366062
17368375
17372264
17374396
17378372
17378863
17379017
17379127
17379201
17382658
17382749
17383310
17384130
17384192
17386123
17386192
17386259
17387143
17389344
17391544
17391650
17393328
17393802
17393849
17394144
17396962
17399269
17403102
17405575
17405597
17406268
17407765
17408526
17412958
17413512
17420946
17421899
17425053
17425963
17426408
17429215
17430594
17431193
17431332
17432498
17433710
17439812
17440387
17441463
17442316
17443830
17444449
17446203
17446304
17448041
17448645
17450511
17450830
17451264
17451521
17451556
17451786
17453352
17453634
17454086
17454206
17454351
17455654
17455869
17459129
17459188
17460184
17460544
17461825
17461830
17461867
17464156
17464988
17467753
17468560
17468961
17469636
17470624
17471403
17471668
17473156
17473480
17474618
17477949
17478366
17480462
17481359
17481448
17481558
17483170
17484696
17486733
17490647
17492063
17494493
17495451
17495458
17496606
17497826
17497857
17500132
17500771
17501359
17502160
17502297
17504661
17504676
17505030
17506431
17506580
17506753
17507434
17507622
17508122
17509006
17509299
17509510
17511419
17512097
17512334
17512883
17517274
17517874
17518016
17519147
17519323
17520776
17521019
17523585
17524000
17524356
17524417
17524721
17526723
17528427
17530513
17531379
17532696
17536463
17538385
17539574
17541496
17541608
17545996
17546301
17548359
17548695
17548926
17549773
17550089
17550752
17552385
17552650
17553017
17553325
17554627
17555557
17557057
17557482
17557997
17558064
17558413
17559313
17560180
17560375
17560918
17561005
17562419
17564968
17567140
17567927
17567953
17568834
17568947
17570509
17493471
17504789
17528516
17549592
17572458
17591156
17610023
17634407
17658583
17680201
17695231
17706639
17720680
17745057
17572560
17575402
17576111
17576604
17580587
17581630
17582653
17585388
17585609
17585875
17585987
17586423
17587115
17588295
17591163
17594506
17596440
17597447
17597728
17602680
17603324
17604304
17605774
17608338
17608643
17609284
17609286
17609687
17610279
17612407
17615617
17617648
17619338
17620653
17621415
17621578
17621998
17624271
17625336
17628919
17633457
17635427
17636515
17638775
17640686
17640946
17642157
17642402
17642555
17642682
17644185
17645929
17645947
17648805
17654677
17658607
17658867
17659003
17659661
17660355
17662579
17662740
17663265
17669880
17670731
17672138
17673177
17674556
17678878
17679974
17680590
17681611
17682142
17682427
17683589
17684480
17684889
17686457
17686647
17686707
17689920
17690940
17691767
17692333
17692985
17694204
17696124
17697419
17697422
17699649
17700007
17701373
17701422
17701723
17702181
17702611
17702660
17703773
17703924
17705146
17705487
17705667
17707355
17708032
17709028
17709064
17709363
17711257
17711542
17711930
17712102
17713043
17714266
17714320
17714751
17718795
17720422
17721307
17724178
17724541
17725790
17725956
17726228
17726235
17726308
17729606
17732466
17734677
17734743
17735471
17740234
17740413
17742156
17742213
17743062
17745489
17745632
17748592
17748695
17751250
17754523
17755186
17758497
17759900
17760061
17760955
17765621
17765729
17766543
17767147
17767355
17768689
17770523
17772956
17775005
17775873
17777976
17779740
17781717
17781870
17783151
17785310
17785587
17787626
17788088
17791067
17791524
17793777
17796038
17800018
17800555
17802811
17804077
17804182
17805250
17806140
17806291
17806837
17815201
17815323
17817489
17817918
17818993
17819852
17819870
17822338
17822424
17823851
17825237
17828079
17829895
17830734
17833214
17833717
17835213
17835322
17835326
17837007
17841689
17843058
17844612
17846724
17847817
17848007
17848209
17848441
17849615
17850522
17850581
17850851
17851375
17853018
17853987
17854092
17854371
17855201
17855483
17857666
17858243
17858797
17861710
17862055
17862608
17863055
17863130
17863189
17863337
17863676
17865713
17867021
17868317
17868650
17869628
17871077
17871549
17872373
17873893
17875136
17877398
17877594
17877649
17878125
17878238
17878581
17878850
17879099
17879176
17879352
17879456
17880883
17880923
17881012
17789509
17816029
17831579
17848689
17882072
17915401
17929696
17951034
17965742
17979239
17991733
18010105
18021052
17883599
17883709
17884123
17887403
17887498
17887563
17889017
17892059
17893005
17894142
17894946
17897941
17902404
17902841
17903368
17905926
17906458
17906595
17906675
17908599
17908833
17910176
17912235
17913461
17914343
17916653
17916960
17917549
17920013
17923694
17923803
17924251
17924529
17924669
17924749
17926304
17926327
17926364
17926672
17926809
17928233
17929357
17929879
17930146
17930221
17930351
17930441
17930563
17934950
17936939
17941154
17943027
17944323
17945300
17945609
17946451
17951934
17952062
17952653
17954389
17955115
17958776
17961588
17964693
17965714
17966401
17969049
17969183
17970072
17970595
17970797
17970896
17970985
17973687
17974403
17974451
17974533
17977797
17978097
17978327
17978544
17981820
17982914
17983788
17984900
17985228
17985794
17987045
17987133
17987866
17989311
17989446
17990425
17990896
17991058
17992722
17992852
17993993
17995600
17998156
17998568
17999586
18000721
18004595
18004910
18006921
18007178
18008946
18009137
18009625
18010319
18010496
18010573
18011226
18011434
18011844
18014882
18019762
18020135
18020643
18020876
18021210
18021235
18022758
18023071
18024267
18025568
18026653
18026891
18026968
18027407
18029846
18031163
18032981
18032985
18033636
18033903
18035605
18036014
18036523
18037188
18037401
18037605
18037717
18037808
18038978
18039427
18039596
18041179
18041388
18042763
18042942
18044089
18045164
18045520
18045946
18045998
18046035
18046081
18046207
18046326
18046352
18046391
18046465
18046732
18049156
18050799
18051398
18051715
18053860
18054169
18054863
18054886
18054909
18054989
18055044
18055066
18055213
18055326
18055502
18055755
18056837
18056929
18058050
18058177
18058914
18059181
18059485
18059595
18061312
18061759
18062159
18062508
18062611
18063169
18064401
18064481
18064542
18064619
18064759
18064917
18064986
18065072
18065263
18065384
18065522
18065883
18068591
18068706
18070382
18071801
18071802
18072445
18073222
18073250
18073895
18088518
18089372
18089413
18089998
18090131
18090208
18090671
18091466
18091481
18091530
18091555
18091593
18091692
18091723
18091825
18092163
18092622
18092923
18093562
18093764
18093794
18094133
18095377
18095957
18096253
18096813
18097323
18097357
18099563
18100387
18100479
18100514
18100544
18100628
18100706
18100748
18100774
18100983
18102164
18102551
18103000
18042396
18047173
18055432
18062621
18073936
18087802
18091819
18103714
18120309
18126915
18172530
18191513
4806596
5119094
5237732
5253777
5253824
5321109
5374749
5591617
5743375
5834078
5861058
5923786
5931648
5940099
5944143
6027480
6278794
6305078
6412080
6423981
6426923
6427437
6455821
6460217
6467124
6480195
Kaisa_18062664
Kaisa_18062665
Kaisa_18073874
Kaisa_18073885
Kaisa_18073890
Kaisa_18073895
Kaisa_18073899
Kaisa_18073908
Kaisa_18073913
Kaisa_18073917
Kaisa_18073927
Kaisa_18073933
Kaisa_18073937
Kaisa_18074058
Kaisa_18074480
Kaisa_18074487
8493082
8510195
8521130
8527776
8534736
8550272
8551295
8568712
8578192
8615825
8626554
8633616
8634232
8636120
8636225
8636990
8637769
8638146
8649131
8649793
8650095
8651959
8653140
8654281
8658614
8662678
8676666
8680623
8681836
8682000
8682042
8682594
8689585
8689798
8690914
8691037
8695202
8705324
8707306
8708792
8708813
8720087
8722586
8737091
8749911
8766875
8773123
8778642
8779047
8807009
8811815
8816656
8816757
8818294
8819300
8827906
8830656
8836160
8837459
8837825
8847575
8854359
8870813
8881878
8883880
8887676
8887761
8892809
8893893
8895198
8906438
8907117
8907451
8907689
8908358
8913281
8914068
8919223
8927483
8927772
8933196
8938136
8940015
8942010
8942127
8951541
8953543
8965966
8968083
8970047
8989484
9001452
9013787
9014292
9018071
9019550
9025644
9042292
9046795
9077324
9084514
9094703
9103199
9170527
9170719
9177595
9184117
9208471
9214270
9214271
9247727
9251350
9259479
9259564
9262603
9290805
9316156
9318216
9322784
9327097
9339833
9339948
9339994
9342483
9344677
9345750
9349334
9352438
9352707
9353166
9355805
9355997
18618658
18627301
18636081
18648594
18682950
18694231
18703196
18713282
18721445
18726618
18742662
18759568
18774353
9366973
9368975
9371122
9371295
9373151
9373159
9383176
9384443
9400610
9401818
9402496
9404393
9409737
9410363
9410466
9411791
9413180
9414050
9421072
9421673
9422022
9422765
9425287
9426195
9427221
9437296
9441982
9446609
9447196
9448752
9449187
9449259
9451755
9452093
9456850
9462275
9483930
9489002
9491655
9494651
9495070
9495338
9497606
9498935
9504677
9505100
9505213
9506084
9506163
9512477
9512802
9515022
9516622
9520803
9520804
9526129
9526243
9528417
9528682
9534353
9541210
9545727
9546056
9547793
9548168
9554504
9562480
9564820
9564925
9565445
9566738
9566860
9568722
9571156
9574902
9575977
9577991
9578196
9579327
9600825
9614802
9624663
9630796
9631492
9631927
9632211
9632446
9637017
9637359
9637707
9638092
9638487
9638755
9638883
9645904
9646192
9647107
9647825
9662571
9662573
9667187
9680303
9687036
9687444
9701687
9706761
9708208
9709934
9724381
9729169
9730172
9758042
9779195
9803007
9804597
9836888
9843138
9860529
9860837
9870010
9881709
9884076
9884235
9884347
9884813
9886419
9904124
9908336
9908845
9909167
9910377
9910849
9913731
9919804
9922188
9922909
9928877
9929284
9930605
9931927
9932162
9932547
9933441
9933760
9935098
9935772
9943381
9944790
9945424
9947185
9948712
9948947
9950163
9961309
9963993
9975165
9979381
9980247
9981045
9983479
9983711
9984765
9984853
9985716
9986103
9986441
9987044
9987065
9987624
9987712
9989118
9989406
9989430
9989557
9989816
9993752
Kaisa_18062591
Kaisa_18062621
Kaisa_18062622
Kaisa_18062623
Kaisa_18062627
Kaisa_18062629
Kaisa_18062631
Kaisa_18062634
Kaisa_18062641
Kaisa_18062643
Kaisa_18062650
Kaisa_18062654
Kaisa_18062662
Kaisa_18219097
Kaisa_18219101
Kaisa_18219104
Kaisa_18219105
Kaisa_18219106
Kaisa_18219108
Kaisa_18219109
Kaisa_18219113
Kaisa_18219114
Kaisa_18219119
Kaisa_18219120
Kaisa_18219121
Kaisa_18219122
Kaisa_18219123
Kaisa_18883550
Kaisa_18883863
Kaisa_18883878
Kaisa_18883885
Kaisa_18883888
Kaisa_18883899
Kaisa_18883906
Kaisa_18883924
Kaisa_18884479
Kaisa_18884484
Kaisa_18884486
Kaisa_18884491
Kaisa_18884721
Kaisa_18884730
Kaisa_18884752
Kaisa_18884760
Kaisa_18884771
Kaisa_18884777
Kaisa_18884784
Kaisa_18884797
Kaisa_18884802
Kaisa_18884812
Kaisa_18884818
Kaisa_18885068
Kaisa_18885088
Kaisa_18885117
Kaisa_18890460
Kaisa_18890481
Kaisa_18890489
Kaisa_18890531
9546387
9590468
9638484
9782532
9886611
9931633
9988217
Kaisa_18062663
Kaisa_18074500
Kaisa_18074876
Kaisa_18090131
Kaisa_18218965
Kaisa_18219096
Kaisa_18884741
Kaisa_18916496
Kaisa_18916500
Kaisa_18916504
Kaisa_18916520
Kaisa_18916526
18627449
18627765
18628182
18628206
18628257
18628279
18628308
18628445
18629485
18629527
18630618
18631301
18632230
18635518
18635555
18636204
18636813
18638408
18638583
18638629
18639266
18639328
18641055
18642610
18644120
18645282
18645483
18648644
18648684
18648771
18649051
18649106
18649227
18649442
18650769
18651422
18652346
18652975
18653772
18653970
18654936
18655017
18656088
18656236
18656839
18659111
18659380
18659461
18660741
18663585
18664086
18664778
18665190
18665253
18667237
18668521
18668760
18669426
18669796
18670264
18670457
18670551
18672871
18673315
18674131
18674481
18675387
18675787
18677180
18677428
18678164
18679035
18679049
18679084
18679587
18680997
18682429
18682495
18683466
18683766
18684779
18684802
18688237
18688255
18689429
18689503
18690767
18690871
18690966
18691504
18692260
18692331
18693099
18693892
18694247
18697518
18697592
18697896
18698646
18699030
18699639
18700714
18700965
18702201
18702720
18703213
18703669
18703678
18704340
18707463
18709066
18709473
18709497
18711478
18711703
18712055
18712755
18713773
18714349
18714750
18715397
18715780
18716802
18716995
18717080
18717144
18717337
18717347
18717562
18717642
18718095
18718439
18722008
18722119
18722162
18722209
18722250
18722307
18722309
18723486
18724114
18725328
18725340
18725483
18725503
18726171
18726454
18726511
18726544
18726645
18728062
18729202
18730887
18732684
18732838
18734488
18735136
18735316
18735343
18736314
18736492
18738293
18741456
18742352
18743324
18743572
18745806
18746156
18748468
18750488
18752757
18753516
18753661
18753856
18755083
18756284
18757268
18757759
18757927
18758041
18758418
18760575
18761376
18763222
18763387
18763401
18768859
18769271
18769935
18770419
18771162
18772912
18773085
18773956
18774116
18775259
18775732
18775779
18776132
18776326
18776474
18776808
18777108
18777244
18777287
18777309
18777695
18777767
18778064
18778113
18778250
18778477
18778642
18778663
18779829
18780491
18780947
18780986
18781004
18781869
18783340
18783809
18785756
18785948
18786890
18787996
18788014
18788120
18788546
18788668
18789867
18790045
18790648
18791153
18791209
18791280
18791924
18792010
18795847
18798473
18800016
18800137
18800189
18800242
18800465
18800698
18801968
18802177
18802398
18785734
18794801
18802694
18821003
18830818
18837799
18847329
18856404
18874124
18884721
18898128
18908987
18925152
18937970
18803785
18803921
18804080
18804115
18805138
18806185
18806210
18807427
18808079
18808239
18808308
18810108
18810792
18811760
18812460
18812770
18813652
18814588
18815042
18816624
18816999
18820542
18820663
18820711
18821066
18821116
18821346
18822892
18823016
18824392
18824744
18824763
18825686
18826167
18828726
18829248
18830856
18831309
18831368
18831459
18831647
18831699
18831808
18831879
18832980
18833459
18835411
18835567
18835627
18836363
18838035
18840832
18841026
18841313
18841325
18842585
18842657
18843338
18843986
18844024
18845266
18846003
18846504
18847376
18847727
18847970
18848110
18848254
18848287
18849000
18849768
18850239
18851741
18852035
18852749
18853091
18853213
18855002
18856477
18856872
18857922
18860521
18860922
18862605
18862876
18864852
18865167
18867585
18867876
18868934
18871496
18872112
18873227
18879042
18879170
18879271
18879317
18879352
18879437
18879643
18879648
18880595
18880949
18881000
18881854
18881999
18883550
18883745
18885068
18885633
18885919
18888036
18888601
18890861
18891118
18894775
18894916
18894945
18895646
18895785
18896148
18896548
18898217
18898740
18900031
18900890
18901850
18902910
18903800
18903909
18904138
18906237
18907969
18908522
18910116
18910500
18910650
18911611
18912057
18912535
18912578
18913064
18914378
18916237
18918007
18918279
18920189
18921827
18922029
18922176
18922326
18922528
18922707
18923003
18923208
18923800
18923897
18925371
18925986
18926647
18929102
18929207
18929894
18931521
18931997
18932142
18932196
18935073
18935253
18936685
18937942
18938026
18938183
18938225
18942345
18943551
18944361
18944484
18946789
18947124
18947734
18948180
18948687
18949910
18951238
18951318
18951387
18951516
18954500
18955083
18955197
18957833
18960566
18960729
18961369
18961489
18962921
18965060
18965895
18966150
18966594
18968623
18968930
18969054
18969210
18969351
18969514
18969896
18970056
18972543
18973228
18973689
18973847
18974023
18974031
18974187
18974266
18974692
18976716
18977247
18977988
18978986
18979079
18979229
18979613
18979775
18980591
18980609
18985451
18985622
18985919
18969040
18976528
18986030
18995172
19008976
19019240
19033242
19043742
19054973
19064095
19073498
19077122
19087208
19097933
19111787
19125752
18986074
18987739
18988098
18988282
18989058
18989436
18992666
18992857
18992940
18993017
18993072
18993228
18995002
18997660
18999173
18999207
18999263
18999669
18999773
19000584
19000706
19000758
19001610
19003797
19003881
19005615
19006436
19007034
19009608
19010465
19011487
19011584
19012047
19012701
19014552
19015259
19015373
19015393
19017591
19017597
19021812
19022210
19022333
19023049
19023190
19023666
19026246
19026813
19027203
19027451
19028375
19029682
19030145
19031124
19031181
19035182
19036923
19037358
19037634
19037959
19038033
19038206
19038422
19039192
19039470
19039663
19040521
19040803
19042933
19043106
19043287
19043763
19044269
19045222
19046039
19046111
19046163
19046310
19046380
19047322
19049125
19049313
19049603
19053324
19059546
19059618
19059661
19059713
19059767
19060661
19061494
19062226
19062234
19062294
19063497
19063596
19063815
19063882
19063899
19063986
19064052
19064179
19064239
19064555
19065571
19067015
19067276
19067504
19069644
19069654
19069921
19071776
19072079
19073567
19073938
19074085
19074444
19075810
19076113
19076319
19076599
19076636
19076743
19076843
19076878
19077020
19077078
19077170
19078040
19078045
19078577
19078666
19080035
19080788
19082301
19083324
19084339
19085039
19085699
19085958
19086228
19086971
19087063
19089586
19089890
19090443
19091462
19093360
19094380
19095233
19095970
19096403
19096503
19098309
19099314
19101627
19101630
19101837
19101842
19101902
19102043
19108701
19110491
19110890
19111179
19112230
19114448
19114525
19115317
19115653
19117445
19117591
19120031
19120061
19120082
19120746
19122971
19125794
19125980
19126093
19126423
19126560
19126938
19127664
19128010
19128450
19130089
19130827
19131532
19132113
19132474
19132623
19135884
19136401
19137870
19143331
19143660
19144559
19144810
19144960
19145166
19146508
19147229
19147273
19147299
19149469
19150574
19150849
19151048
19152077
19153408
19154754
19155113
19155630
19156611
19157627
19158536
19159217
19160008
19160281
19160331
19160457
19160464
19160781
19164802
19165194
19165301
19167316
19167476
19168861
19169732
19171457
19174412
19174651
19175461
19150489
19162459
19196796
19206796
19225143
19243783
19260177
19271999
19284803
19301625
19336110
19361018
19176994
19177395
19177817
19181331
19181348
19181422
19182015
19182726
19183013
19183550
19184387
19184750
19185360
19185480
19185563
19189218
19189226
19189300
19190349
19190512
19193812
19194369
19195814
19196267
19196685
19198247
19198315
19200315
19200416
19200429
19201889
19202610
19203108
19203292
19203911
19205394
19205546
19205669
19206472
19208148
19209549
19211067
19211817
19214090
19214252
19214923
19215849
19216469
19217918
19220439
19220871
19221688
19223950
19224019
19224999
19225488
19226862
19227103
19227194
19227370
19227579
19227772
19228260
19228272
19228428
19228566
19228590
19229578
19230670
19231833
19233549
19233887
19234743
19235012
19235251
19235758
19236666
19241042
19241734
19242895
19243021
19243690
19243746
19244442
19245187
19245336
19246560
19247804
19252001
19253071
19254836
19254926
19257418
19257497
19257557
19258396
19259236
19260131
19262917
19263669
19263779
19264044
19264640
19264941
19265167
19265441
19265644
19265726
19266525
19267467
19267756
19267903
19268061
19268544
19268641
19269580
19269675
19270130
19271397
19272878
19273682
19275569
19276048
19278247
19278363
19278582
19278998
19279286
19280943
19281192
19282890
19282953
19284350
19285945
19287399
19288600
19288903
19289143
19289159
19289854
19292689
19295979
19296560
19297821
19298221
19298756
19299121
19299467
19299479
19301510
19301749
19307950
19307996
19311886
19313190
19313801
19313840
19313996
19316872
19318238
19319660
19320978
19321254
19322210
19324420
19327234
19327475
19329679
19330110
19330461
19330747
19331555
19331812
19331938
19332543
19332895
19335261
19335328
6603455
6672458
6763783
6821583
7076870
7213639
7321295
7386064
19337095
19337102
19342114
19342229
19343970
19343992
19347711
19350866
19351464
19351511
19354519
19355035
19355077
19355807
19359097
19359950
19362603
19363003
19363374
19363574
19365494
19369723
19370469
19371589
19374584
19374600
19375823
19376408
19376846
19377190
19377347
19379957
19381410
19381873
19383736
19388757
19390377
19390539
19392047
19393949
19397298
19398338
19398898
19399896
19400815
19401913
19402694
19403759
19406155
19406213
19407690
19410676
19410873
19413083
19413621
19413760
19414072
19414244
19414750
19415449
19402975
19415638
19429115
19449942
19463574
19475593
19528182
19541722
19552747
19562789
19587545
19416681
19418527
19419137
19420819
19422122
19422921
19423993
19424120
19426258
19426580
19427029
19427239
19427307
19429033
19429893
19430034
19430251
19431276
19431353
19431863
19433912
19434616
19435405
19436025
19436110
19437611
19437645
19437651
19438841
19438920
19439932
19440313
19441215
19442517
19442577
19447370
19447938
19448485
19448559
19449101
19449195
19451914
19452630
19453363
19453377
19453728
19455300
19458288
19459053
19459212
19460617
19461507
19462286
19464545
19465602
19466104
19466518
19466649
19466786
19468828
19468971
19471426
19472099
19472953
19473088
19474095
19475834
19476585
19477262
19477586
19477738
19480792
19481271
19481468
19481625
19481929
19482982
19484958
19486269
19487402
19490006
19490213
19490727
19491224
19493961
19494335
19494955
19495941
19496012
19496801
19496985
19497166
19498458
19502722
19504229
19504621
19504807
19505015
19506944
19507714
19510106
19513081
19513397
19515727
19516071
19516632
19517011
19519151
19520954
19522058
19523769
19524100
19524464
19526358
19526922
19527448
19528224
19528254
19528278
19528372
19530088
19530233
19533640
19533924
19534290
19535101
19535401
19535487
19535845
19536297
19536424
19538334
19540960
19541739
19541922
19544726
19544880
19545831
19547342
19547593
19548572
19548664
19549848
19550298
19550699
19550731
19552382
19552658
19555309
19555350
19555860
19558196
19558626
19559059
19559703
19560422
19560525
19561082
19561707
19561798
19561806
19563579
19565451
19565588
19567014
19569312
19569625
19569885
19570731
19570855
19571015
19571494
19571896
19572167
19572617
19573243
19574439
19574808
19575095
19575391
19575712
19576280
19576319
19577275
19578189
19578852
19582893
19582903
19583968
19585070
19587514
19587986
19588224
19588607
19589037
19589217
19590223
19591408
19591595
19592600
19593200
19593484
19593643
19593961
19593977
19595306
19595685
19598001
19598749
19598895
19599373
19599973
19600496
19601743
19601907
19605439
19605876
19605925
19606413
19606436
19607044
19608048
19608229
19609371
19609496
19609654
19612016
19612198
19612439
19612629
19612637
19612704
19614252
19614854
19615000
19615827
19618087
19606930
19618950
19634480
19649617
19661771
19670417
19688828
19701130
19710020
19735855
19752857
19779490
4747475
6593896
8493044
8637025
8681944
8721333
8898501
8955774
9094909
9318038
9404465
9428998
19620597
19621176
19621783
19622208
19624134
19627167
19627448
19628026
19628162
19629415
19629432
19631795
19633493
19634130
19634364
19636490
19636543
19638026
19638078
19638079
19638201
19642355
19643161
19643756
19643875
19646980
19647066
19647327
19648607
19650426
19651229
19651393
19653828
19653868
19654346
19654868
19656738
19657587
19657720
19658241
19660191
19660491
19661208
19661305
19662165
19663493
19665367
19665913
19666538
19666692
19667822
19668524
19668702
19670023
19670473
19670660
19672640
19673476
19674285
19674417
19674986
19677806
19679803
19680457
19680552
19681496
19682063
19683002
19684598
19685721
19685982
19685991
19686235
19686786
19686881
19686897
19688561
19689317
19690197
19690221
19690268
19692270
19694367
19696509
19697522
19697553
19698565
19698772
19698851
19699476
19701135
19701139
19701467
19701532
19701785
19702126
19703240
19703455
19703661
19705196
19705641
19706368
19707355
19708879
19709327
19710167
19711045
19713388
19714447
19714603
19715255
19717485
19718027
19718932
19721215
19723324
19725116
19725477
19727596
19728172
19728279
19729541
19731204
19731571
19732157
19732990
19734320
19735580
19738542
19739593
19739717
19742390
19742789
19743749
19744235
19744419
19746025
19749016
19749473
19749548
19750046
19750225
19750757
19751461
19752696
19755829
19757204
19757208
19758529
19759394
19762844
19763214
19763697
19763764
19763873
19766863
19768244
19768267
19768354
19768643
19768894
19770299
19771198
19772544
19773928
19774574
19774637
19774832
19775800
19777098
19779595
19779611
19779683
19780718
19781453
19782571
19783968
19784243
2647497
3411282
3955069
4148392
4249441
4401320
4484840
4511169
4558899
4599700
4659323
4664413
4742075
